lines = [-4: [(-4, -30000), (-4, -10000), (-4, 10000), (-4, 30000)], -3: [(-3, -25000), (-3, -20000), (-3, -10000), (-3, -5000), (-3, 5000), (-3, 10000), (-3, 20000), (-3, 25000)], -2: [(-2, -20000), (-2, -15000), (-2, -10000), (-2, -5000), (-2, 0), (-2, 5000), (-2, 10000), (-2, 15000), (-2, 20000)], -1: [(-1.5, -10000), (-1.5, -5000), (-1.5, -2500), (-1.5, 2500), (-1.5, 5000), (-1.5, 10000), (-1.33333, -3333.33), (-1.33333, 3333.33), (-1, -15000), (-1, -10000), (-1, -5000), (-1, 0), (-1, 5000), (-1, 10000), (-1, 15000)], 0: [(-0.75, -2500), (-0.75, 2500), (-0.666667, -6666.67), (-0.666667, -3333.33), (-0.666667, -1666.67), (-0.666667, 1666.67), (-0.666667, 3333.33), (-0.666667, 6666.67), (-0.5, -10000), (-0.5, -7500), (-0.5, -5000), (-0.5, -2500), (-0.5, 0), (-0.5, 2500), (-0.5, 5000), (-0.5, 7500), (-0.5, 10000), (-0.333333, -8333.33), (-0.333333, -6666.67), (-0.333333, -3333.33), (-0.333333, -1666.67), (-0.333333, 1666.67), (-0.333333, 3333.33), (-0.333333, 6666.67), (-0.333333, 8333.33), (-0.25, -7500), (-0.25, -2500), (-0.25, 2500), (-0.25, 7500), (0.25, -7500), (0.25, -2500), (0.25, 2500), (0.25, 7500), (0.333333, -8333.33), (0.333333, -6666.67), (0.333333, -3333.33), (0.333333, -1666.67), (0.333333, 1666.67), (0.333333, 3333.33), (0.333333, 6666.67), (0.333333, 8333.33), (0.5, -10000), (0.5, -7500), (0.5, -5000), (0.5, -2500), (0.5, 0), (0.5, 2500), (0.5, 5000), (0.5, 7500), (0.5, 10000), (0.666667, -6666.67), (0.666667, -3333.33), (0.666667, -1666.67), (0.666667, 1666.67), (0.666667, 3333.33), (0.666667, 6666.67), (0.75, -2500), (0.75, 2500)], 1: [(1, -15000), (1, -10000), (1, -5000), (1, 0), (1, 5000), (1, 10000), (1, 15000), (1.33333, -3333.33), (1.33333, 3333.33), (1.5, -10000), (1.5, -5000), (1.5, -2500), (1.5, 2500), (1.5, 5000), (1.5, 10000)], 2: [(2, -20000), (2, -15000), (2, -10000), (2, -5000), (2, 0), (2, 5000), (2, 10000), (2, 15000), (2, 20000)], 3: [(3, -25000), (3, -20000), (3, -10000), (3, -5000), (3, 5000), (3, 10000), (3, 20000), (3, 25000)], 4: [(4, -30000), (4, -10000), (4, 10000), (4, 30000)]]
hor_lines = [10000, 5000, 0, -5000, -10000]
vert_lines = [10000, 5000, 0, -5000, -10000]
2061
